animal	treatment	genetics	tank	dose	TE	Binary							
1	3	3	6	1	6	1							
2	3	3	6	1	6	0							
3	3	3	6	1	6	0							
4	3	3	6	1	6	0							
5	3	3	6	1	6	0							
6	3	3	6	1	6	0							
7	3	3	6	1	6	0							
8	3	3	6	1	6	0							
9	3	3	6	1	6	0							
10	3	3	6	1	6	0							
11	3	3	6	1	6	0							
12	3	3	6	1	6	0							
13	3	3	6	1	6	0							
14	3	3	6	1	6	0							
15	3	3	6	1	6	0							
16	3	3	6	1	6	0							
17	3	3	6	1	6	0							
18	3	3	6	1	6	0							
19	3	3	6	1	6	0							
20	3	3	6	1	6	0							
21	3	3	6	1	6	0							
22	3	3	6	1	6	0							
23	3	3	6	1	6	0							
24	3	3	6	1	6	0							
25	3	3	6	1	6	0							
26	3	3	6	1	6	0							
27	3	3	6	1	6	0							
28	3	3	6	1	6	0							
29	3	3	6	1	6	0							
30	3	3	6	1	6	0							
31	3	3	6	1	6	0							
32	3	3	6	1	6	0							
33	3	3	6	1	6	0							
34	3	3	6	1	6	0							
35	3	3	6	1	6	0							
36	3	3	6	1	6	0							
37	3	3	6	1	6	0							
38	3	3	6	1	6	0							
39	3	3	6	1	6	0							
40	3	3	6	1	6	0							
41	3	3	6	1	6	0							
42	3	3	6	1	6	0							
43	3	3	6	1	6	0							
44	3	3	6	1	6	0							
45	3	3	6	1	6	0							
46	3	3	6	1	6	0							
47	3	3	6	1	6	0							
48	3	3	6	1	6	0							
49	1	1	7	2	3	1							
50	1	1	7	2	3	1							
51	1	1	7	2	3	1							
52	1	1	7	2	3	1							
53	1	1	7	2	3	1							
54	1	1	7	2	4	1							
55	1	1	7	2	4	1							
56	1	1	7	2	4	1							
57	1	1	7	2	4	1							
58	1	1	7	2	4	1							
59	1	1	7	2	4	1							
60	1	1	7	2	4	1							
61	1	1	7	2	4	1							
62	1	1	7	2	5	1							
63	1	1	7	2	5	1							
64	1	1	7	2	5	1							
65	1	1	7	2	5	1							
66	1	1	7	2	5	1							
67	1	1	7	2	5	1							
68	1	1	7	2	5	1							
69	1	1	7	2	5	1							
70	1	1	7	2	6	0							
71	1	1	7	2	6	0							
72	1	1	7	2	6	0							
73	1	1	7	2	6	0							
74	1	1	7	2	6	0							
75	1	1	7	2	6	0							
76	1	1	7	2	6	0							
77	1	1	7	2	6	0							
78	1	1	7	2	6	0							
79	1	1	7	2	6	0							
80	1	1	7	2	6	0							
81	1	1	7	2	6	0							
82	1	1	7	2	6	0							
83	1	1	7	2	6	0							
84	1	1	7	2	6	0							
85	1	1	7	2	6	0							
86	1	1	7	2	6	0							
87	1	1	7	2	6	0							
88	1	1	7	2	6	0							
89	1	1	7	2	6	0							
90	1	1	7	2	6	0							
91	1	1	7	2	6	0							
92	1	1	7	2	6	0							
93	1	1	7	2	6	0							
94	1	1	7	2	6	0							
95	1	1	7	2	6	0							
96	1	1	7	2	6	0							
97	1	2	8	2	3	1							
98	1	2	8	2	3	1							
99	1	2	8	2	3	1							
100	1	2	8	2	3	1							
101	1	2	8	2	3	1							
102	1	2	8	2	3	1							
103	1	2	8	2	3	1							
104	1	2	8	2	3	1							
105	1	2	8	2	3	1							
106	1	2	8	2	3	1							
107	1	2	8	2	3	1							
108	1	2	8	2	3	1							
109	1	2	8	2	3	1							
110	1	2	8	2	3	1							
111	1	2	8	2	3	1							
112	1	2	8	2	3	1							
113	1	2	8	2	4	1							
114	1	2	8	2	4	1							
115	1	2	8	2	4	1							
116	1	2	8	2	4	1							
117	1	2	8	2	5	1							
118	1	2	8	2	5	1							
119	1	2	8	2	5	1							
120	1	2	8	2	5	1							
121	1	2	8	2	5	1							
122	1	2	8	2	5	1							
123	1	2	8	2	5	1							
124	1	2	8	2	5	1							
125	1	2	8	2	5	1							
126	1	2	8	2	5	1							
127	1	2	8	2	5	1							
128	1	2	8	2	5	1							
129	1	2	8	2	6	0							
130	1	2	8	2	6	0							
131	1	2	8	2	6	0							
132	1	2	8	2	6	0							
133	1	2	8	2	6	0							
134	1	2	8	2	6	0							
135	1	2	8	2	6	0							
136	1	2	8	2	6	0							
137	1	2	8	2	6	0							
138	1	2	8	2	6	0							
139	1	2	8	2	6	0							
140	1	2	8	2	6	0							
141	1	2	8	2	6	0							
142	1	2	8	2	6	0							
143	1	2	8	2	6	0							
144	1	2	8	2	6	0							
145	1	2	9	2	3	1							
146	1	2	9	2	3	1							
147	1	2	9	2	3	1							
148	1	2	9	2	3	1							
149	1	2	9	2	3	1							
150	1	2	9	2	3	1							
151	1	2	9	2	3	1							
152	1	2	9	2	3	1							
153	1	2	9	2	3	1							
154	1	2	9	2	3	1							
155	1	2	9	2	3	1							
156	1	2	9	2	3	1							
157	1	2	9	2	3	1							
158	1	2	9	2	4	1							
159	1	2	9	2	4	1							
160	1	2	9	2	4	1							
161	1	2	9	2	4	1							
162	1	2	9	2	4	1							
163	1	2	9	2	5	1							
164	1	2	9	2	5	1							
165	1	2	9	2	5	1							
166	1	2	9	2	5	1							
167	1	2	9	2	5	1							
168	1	2	9	2	5	1							
169	1	2	9	2	5	1							
170	1	2	9	2	5	1							
171	1	2	9	2	6	0							
172	1	2	9	2	6	0							
173	1	2	9	2	6	0							
174	1	2	9	2	6	0							
175	1	2	9	2	6	0							
176	1	2	9	2	6	0							
177	1	2	9	2	6	0							
178	1	2	9	2	6	0							
179	1	2	9	2	6	0							
180	1	2	9	2	6	0							
181	1	2	9	2	6	0							
182	1	2	9	2	6	0							
183	1	2	9	2	6	0							
184	1	2	9	2	6	0							
185	1	2	9	2	6	0							
186	1	2	9	2	6	0							
187	1	2	9	2	6	0							
188	1	2	9	2	6	0							
189	1	2	9	2	6	0							
190	1	2	9	2	6	0							
191	1	2	9	2	6	0							
192	1	2	9	2	6	0							
193	1	2	10	2	3	1							
194	1	2	10	2	3	1							
195	1	2	10	2	3	1							
196	1	2	10	2	3	1							
197	1	2	10	2	3	1							
198	1	2	10	2	3	1							
199	1	2	10	2	3	1							
200	1	2	10	2	3	1							
201	1	2	10	2	3	1							
202	1	2	10	2	3	1							
203	1	2	10	2	3	1							
204	1	2	10	2	3	1							
205	1	2	10	2	3	1							
206	1	2	10	2	3	1							
207	1	2	10	2	3	1							
208	1	2	10	2	3	1							
209	1	2	10	2	3	1							
210	1	2	10	2	4	1							
211	1	2	10	2	4	1							
212	1	2	10	2	4	1							
213	1	2	10	2	4	1							
214	1	2	10	2	4	1							
215	1	2	10	2	4	1							
216	1	2	10	2	4	1							
217	1	2	10	2	4	1							
218	1	2	10	2	4	1							
219	1	2	10	2	5	1							
220	1	2	10	2	5	1							
221	1	2	10	2	5	1							
222	1	2	10	2	5	1							
223	1	2	10	2	5	1							
224	1	2	10	2	5	1							
225	1	2	10	2	5	1							
226	1	2	10	2	5	1							
227	1	2	10	2	5	1							
228	1	2	10	2	6	0							
229	1	2	10	2	6	0							
230	1	2	10	2	6	0							
231	1	2	10	2	6	0							
232	1	2	10	2	6	0							
233	1	2	10	2	6	0							
234	1	2	10	2	6	0							
235	1	2	10	2	6	0							
236	1	2	10	2	6	0							
237	1	2	10	2	6	0							
238	1	2	10	2	6	0							
239	1	2	10	2	6	0							
240	1	2	10	2	6	0							
241	1	1	11	2	3	1							
242	1	1	11	2	3	1							
243	1	1	11	2	3	1							
244	1	1	11	2	3	1							
245	1	1	11	2	3	1							
246	1	1	11	2	3	1							
247	1	1	11	2	3	1							
248	1	1	11	2	3	1							
249	1	1	11	2	3	1							
250	1	1	11	2	3	1							
251	1	1	11	2	3	1							
252	1	1	11	2	3	1							
253	1	1	11	2	3	1							
254	1	1	11	2	4	1							
255	1	1	11	2	4	1							
256	1	1	11	2	4	1							
257	1	1	11	2	4	1							
258	1	1	11	2	4	1							
259	1	1	11	2	4	1							
260	1	1	11	2	4	1							
261	1	1	11	2	4	1							
262	1	1	11	2	4	1							
263	1	1	11	2	5	1							
264	1	1	11	2	5	1							
265	1	1	11	2	5	1							
266	1	1	11	2	5	1							
267	1	1	11	2	5	1							
268	1	1	11	2	5	1							
269	1	1	11	2	5	1							
270	1	1	11	2	5	1							
271	1	1	11	2	5	1							
272	1	1	11	2	5	1							
273	1	1	11	2	5	1							
274	1	1	11	2	6	0							
275	1	1	11	2	6	0							
276	1	1	11	2	6	0							
277	1	1	11	2	6	0							
278	1	1	11	2	6	0							
279	1	1	11	2	6	0							
280	1	1	11	2	6	0							
281	1	1	11	2	6	0							
282	1	1	11	2	6	0							
283	1	1	11	2	6	0							
284	1	1	11	2	6	0							
285	1	1	11	2	6	0							
286	1	1	11	2	6	0							
287	1	1	11	2	6	0							
288	1	1	11	2	6	0							
289	1	1	12	2	3	1							
290	1	1	12	2	3	1							
291	1	1	12	2	3	1							
292	1	1	12	2	3	1							
293	1	1	12	2	3	1							
294	1	1	12	2	3	1							
295	1	1	12	2	3	1							
296	1	1	12	2	3	1							
297	1	1	12	2	3	1							
298	1	1	12	2	3	1							
299	1	1	12	2	3	1							
300	1	1	12	2	4	1							
301	1	1	12	2	4	1							
302	1	1	12	2	4	1							
303	1	1	12	2	4	1							
304	1	1	12	2	4	1							
305	1	1	12	2	4	1							
306	1	1	12	2	4	1							
307	1	1	12	2	4	1							
308	1	1	12	2	4	1							
309	1	1	12	2	4	1							
310	1	1	12	2	4	1							
311	1	1	12	2	5	1							
312	1	1	12	2	5	1							
313	1	1	12	2	5	1							
314	1	1	12	2	5	1							
315	1	1	12	2	5	1							
316	1	1	12	2	5	1							
317	1	1	12	2	5	1							
318	1	1	12	2	5	1							
319	1	1	12	2	5	1							
320	1	1	12	2	5	1							
321	1	1	12	2	5	1							
322	1	1	12	2	5	1							
323	1	1	12	2	5	1							
324	1	1	12	2	5	1							
325	1	1	12	2	5	1							
326	1	1	12	2	5	1							
327	1	1	12	2	5	1							
328	1	1	12	2	6	0							
329	1	1	12	2	6	0							
330	1	1	12	2	6	0							
331	1	1	12	2	6	0							
332	1	1	12	2	6	0							
333	1	1	12	2	6	0							
334	1	1	12	2	6	0							
335	1	1	12	2	6	0							
336	1	1	12	2	6	0							
337	2	1	13	2	3	1							
338	2	1	13	2	3	1							
339	2	1	13	2	3	1							
340	2	1	13	2	3	1							
341	2	1	13	2	3	1							
342	2	1	13	2	3	1							
343	2	1	13	2	3	1							
344	2	1	13	2	3	1							
345	2	1	13	2	3	1							
346	2	1	13	2	4	1							
347	2	1	13	2	4	1							
348	2	1	13	2	4	1							
349	2	1	13	2	4	1							
350	2	1	13	2	4	1							
351	2	1	13	2	4	1							
352	2	1	13	2	4	1							
353	2	1	13	2	4	1							
354	2	1	13	2	4	1							
355	2	1	13	2	4	1							
356	2	1	13	2	4	1							
357	2	1	13	2	5	1							
358	2	1	13	2	5	1							
359	2	1	13	2	5	1							
360	2	1	13	2	5	1							
361	2	1	13	2	5	1							
362	2	1	13	2	5	1							
363	2	1	13	2	5	1							
364	2	1	13	2	5	1							
365	2	1	13	2	5	1							
366	2	1	13	2	5	1							
367	2	1	13	2	5	1							
368	2	1	13	2	5	1							
369	2	1	13	2	5	1							
370	2	1	13	2	5	1							
371	2	1	13	2	5	1							
372	2	1	13	2	6	0							
373	2	1	13	2	6	0							
374	2	1	13	2	6	0							
375	2	1	13	2	6	0							
376	2	1	13	2	6	0							
377	2	1	13	2	6	0							
378	2	1	13	2	6	0							
379	2	1	13	2	6	0							
380	2	1	13	2	6	0							
381	2	1	13	2	6	0							
382	2	1	13	2	6	0							
383	2	1	13	2	6	0							
384	2	1	13	2	6	0							
385	2	1	14	2	3	1							
386	2	1	14	2	3	1							
387	2	1	14	2	3	1							
388	2	1	14	2	3	1							
389	2	1	14	2	3	1							
390	2	1	14	2	3	1							
391	2	1	14	2	4	1							
392	2	1	14	2	4	1							
393	2	1	14	2	4	1							
394	2	1	14	2	4	1							
395	2	1	14	2	4	1							
396	2	1	14	2	4	1							
397	2	1	14	2	4	1							
398	2	1	14	2	4	1							
399	2	1	14	2	4	1							
400	2	1	14	2	4	1							
401	2	1	14	2	4	1							
402	2	1	14	2	4	1							
403	2	1	14	2	4	1							
404	2	1	14	2	4	1							
405	2	1	14	2	4	1							
406	2	1	14	2	4	1							
407	2	1	14	2	5	1							
408	2	1	14	2	5	1							
409	2	1	14	2	5	1							
410	2	1	14	2	5	1							
411	2	1	14	2	5	1							
412	2	1	14	2	5	1							
413	2	1	14	2	5	1							
414	2	1	14	2	5	1							
415	2	1	14	2	5	1							
416	2	1	14	2	5	1							
417	2	1	14	2	5	1							
418	2	1	14	2	5	1							
419	2	1	14	2	6	0							
420	2	1	14	2	6	0							
421	2	1	14	2	6	0							
422	2	1	14	2	6	0							
423	2	1	14	2	6	0							
424	2	1	14	2	6	0							
425	2	1	14	2	6	0							
426	2	1	14	2	6	0							
427	2	1	14	2	6	0							
428	2	1	14	2	6	0							
429	2	1	14	2	6	0							
430	2	1	14	2	6	0							
431	2	1	14	2	6	0							
432	2	1	14	2	6	0							
433	2	2	15	2	3	1							
434	2	2	15	2	3	1							
435	2	2	15	2	3	1							
436	2	2	15	2	3	1							
437	2	2	15	2	3	1							
438	2	2	15	2	4	1							
439	2	2	15	2	4	1							
440	2	2	15	2	4	1							
441	2	2	15	2	4	1							
442	2	2	15	2	4	1							
443	2	2	15	2	4	1							
444	2	2	15	2	4	1							
445	2	2	15	2	4	1							
446	2	2	15	2	4	1							
447	2	2	15	2	4	1							
448	2	2	15	2	4	1							
449	2	2	15	2	4	1							
450	2	2	15	2	4	1							
451	2	2	15	2	4	1							
452	2	2	15	2	5	1							
453	2	2	15	2	5	1							
454	2	2	15	2	5	1							
455	2	2	15	2	5	1							
456	2	2	15	2	5	1							
457	2	2	15	2	5	1							
458	2	2	15	2	5	1							
459	2	2	15	2	5	1							
460	2	2	15	2	6	0							
461	2	2	15	2	6	0							
462	2	2	15	2	6	0							
463	2	2	15	2	6	0							
464	2	2	15	2	6	0							
465	2	2	15	2	6	0							
466	2	2	15	2	6	0							
467	2	2	15	2	6	0							
468	2	2	15	2	6	0							
469	2	2	15	2	6	0							
470	2	2	15	2	6	0							
471	2	2	15	2	6	0							
472	2	2	15	2	6	0							
473	2	2	15	2	6	0							
474	2	2	15	2	6	0							
475	2	2	15	2	6	0							
476	2	2	15	2	6	0							
477	2	2	15	2	6	0							
478	2	2	15	2	6	0							
479	2	2	15	2	6	0							
480	2	2	15	2	6	0							
481	2	1	16	2	3	1							
482	2	1	16	2	3	1							
483	2	1	16	2	3	1							
484	2	1	16	2	3	1							
485	2	1	16	2	3	1							
486	2	1	16	2	3	1							
487	2	1	16	2	3	1							
488	2	1	16	2	4	1							
489	2	1	16	2	4	1							
490	2	1	16	2	4	1							
491	2	1	16	2	4	1							
492	2	1	16	2	4	1							
493	2	1	16	2	4	1							
494	2	1	16	2	4	1							
495	2	1	16	2	4	1							
496	2	1	16	2	4	1							
497	2	1	16	2	4	1							
498	2	1	16	2	4	1							
499	2	1	16	2	4	1							
500	2	1	16	2	5	1							
501	2	1	16	2	5	1							
502	2	1	16	2	5	1							
503	2	1	16	2	5	1							
504	2	1	16	2	5	1							
505	2	1	16	2	5	1							
506	2	1	16	2	5	1							
507	2	1	16	2	5	1							
508	2	1	16	2	5	1							
509	2	1	16	2	5	1							
510	2	1	16	2	5	1							
511	2	1	16	2	5	1							
512	2	1	16	2	5	1							
513	2	1	16	2	6	0							
514	2	1	16	2	6	0							
515	2	1	16	2	6	0							
516	2	1	16	2	6	0							
517	2	1	16	2	6	0							
518	2	1	16	2	6	0							
519	2	1	16	2	6	0							
520	2	1	16	2	6	0							
521	2	1	16	2	6	0							
522	2	1	16	2	6	0							
523	2	1	16	2	6	0							
524	2	1	16	2	6	0							
525	2	1	16	2	6	0							
526	2	1	16	2	6	0							
527	2	1	16	2	6	0							
528	2	1	16	2	6	0							
529	2	2	17	2	3	1							
530	2	2	17	2	3	1							
531	2	2	17	2	3	1							
532	2	2	17	2	3	1							
533	2	2	17	2	3	1							
534	2	2	17	2	3	1							
535	2	2	17	2	3	1							
536	2	2	17	2	3	1							
537	2	2	17	2	3	1							
538	2	2	17	2	3	1							
539	2	2	17	2	4	1							
540	2	2	17	2	4	1							
541	2	2	17	2	4	1							
542	2	2	17	2	4	1							
543	2	2	17	2	4	1							
544	2	2	17	2	4	1							
545	2	2	17	2	4	1							
546	2	2	17	2	4	1							
547	2	2	17	2	4	1							
548	2	2	17	2	4	1							
549	2	2	17	2	4	1							
550	2	2	17	2	4	1							
551	2	2	17	2	4	1							
552	2	2	17	2	5	1							
553	2	2	17	2	5	1							
554	2	2	17	2	5	1							
555	2	2	17	2	5	1							
556	2	2	17	2	5	1							
557	2	2	17	2	5	1							
558	2	2	17	2	5	1							
559	2	2	17	2	5	1							
560	2	2	17	2	5	1							
561	2	2	17	2	5	1							
562	2	2	17	2	5	1							
563	2	2	17	2	5	1							
564	2	2	17	2	5	1							
565	2	2	17	2	5	1							
566	2	2	17	2	5	1							
567	2	2	17	2	6	0							
568	2	2	17	2	6	0							
569	2	2	17	2	6	0							
570	2	2	17	2	6	0							
571	2	2	17	2	6	0							
572	2	2	17	2	6	0							
573	2	2	17	2	6	0							
574	2	2	17	2	6	0							
575	2	2	17	2	6	0							
576	2	2	17	2	6	0							
577	2	2	18	2	3	1							
578	2	2	18	2	3	1							
579	2	2	18	2	3	1							
580	2	2	18	2	3	1							
581	2	2	18	2	3	1							
582	2	2	18	2	3	1							
583	2	2	18	2	3	1							
584	2	2	18	2	3	1							
585	2	2	18	2	4	1							
586	2	2	18	2	4	1							
587	2	2	18	2	4	1							
588	2	2	18	2	4	1							
589	2	2	18	2	4	1							
590	2	2	18	2	4	1							
591	2	2	18	2	4	1							
592	2	2	18	2	4	1							
593	2	2	18	2	4	1							
594	2	2	18	2	4	1							
595	2	2	18	2	4	1							
596	2	2	18	2	4	1							
597	2	2	18	2	4	1							
598	2	2	18	2	4	1							
599	2	2	18	2	4	1							
600	2	2	18	2	4	1							
601	2	2	18	2	4	1							
602	2	2	18	2	4	1							
603	2	2	18	2	5	1							
604	2	2	18	2	5	1							
605	2	2	18	2	5	1							
606	2	2	18	2	5	1							
607	2	2	18	2	5	1							
608	2	2	18	2	5	1							
609	2	2	18	2	5	1							
610	2	2	18	2	5	1							
611	2	2	18	2	5	1							
612	2	2	18	2	5	1							
613	2	2	18	2	5	1							
614	2	2	18	2	5	1							
615	2	2	18	2	5	1							
616	2	2	18	2	5	1							
617	2	2	18	2	5	1							
618	2	2	18	2	5	1							
619	2	2	18	2	5	1							
620	2	2	18	2	5	1							
621	2	2	18	2	6	0							
622	2	2	18	2	6	0							
623	2	2	18	2	6	0							
624	2	2	18	2	6	0							
625	3	2	19	2	3	1							
626	3	2	19	2	3	1							
627	3	2	19	2	3	1							
628	3	2	19	2	3	1							
629	3	2	19	2	3	1							
630	3	2	19	2	3	1							
631	3	2	19	2	3	1							
632	3	2	19	2	3	1							
633	3	2	19	2	3	1							
634	3	2	19	2	3	1							
635	3	2	19	2	4	1							
636	3	2	19	2	4	1							
637	3	2	19	2	4	1							
638	3	2	19	2	4	1							
639	3	2	19	2	4	1							
640	3	2	19	2	4	1							
641	3	2	19	2	4	1							
642	3	2	19	2	4	1							
643	3	2	19	2	4	1							
644	3	2	19	2	4	1							
645	3	2	19	2	4	1							
646	3	2	19	2	4	1							
647	3	2	19	2	4	1							
648	3	2	19	2	5	1							
649	3	2	19	2	5	1							
650	3	2	19	2	5	1							
651	3	2	19	2	5	1							
652	3	2	19	2	5	1							
653	3	2	19	2	5	1							
654	3	2	19	2	5	1							
655	3	2	19	2	5	1							
656	3	2	19	2	6	0							
657	3	2	19	2	6	0							
658	3	2	19	2	6	0							
659	3	2	19	2	6	0							
660	3	2	19	2	6	0							
661	3	2	19	2	6	0							
662	3	2	19	2	6	0							
663	3	2	19	2	6	0							
664	3	2	19	2	6	0							
665	3	2	19	2	6	0							
666	3	2	19	2	6	0							
667	3	2	19	2	6	0							
668	3	2	19	2	6	0							
669	3	2	19	2	6	0							
670	3	2	19	2	6	0							
671	3	2	19	2	6	0							
672	3	2	19	2	6	0							
673	3	2	20	2	3	1							
674	3	2	20	2	3	1							
675	3	2	20	2	3	1							
676	3	2	20	2	3	1							
677	3	2	20	2	3	1							
678	3	2	20	2	3	1							
679	3	2	20	2	3	1							
680	3	2	20	2	3	1							
681	3	2	20	2	3	1							
682	3	2	20	2	3	1							
683	3	2	20	2	3	1							
684	3	2	20	2	4	1							
685	3	2	20	2	4	1							
686	3	2	20	2	4	1							
687	3	2	20	2	4	1							
688	3	2	20	2	4	1							
689	3	2	20	2	4	1							
690	3	2	20	2	4	1							
691	3	2	20	2	4	1							
692	3	2	20	2	4	1							
693	3	2	20	2	4	1							
694	3	2	20	2	4	1							
695	3	2	20	2	4	1							
696	3	2	20	2	4	1							
697	3	2	20	2	4	1							
698	3	2	20	2	4	1							
699	3	2	20	2	5	1							
700	3	2	20	2	5	1							
701	3	2	20	2	5	1							
702	3	2	20	2	5	1							
703	3	2	20	2	5	1							
704	3	2	20	2	5	1							
705	3	2	20	2	5	1							
706	3	2	20	2	5	1							
707	3	2	20	2	5	1							
708	3	2	20	2	5	1							
709	3	2	20	2	5	1							
710	3	2	20	2	6	0							
711	3	2	20	2	6	0							
712	3	2	20	2	6	0							
713	3	2	20	2	6	0							
714	3	2	20	2	6	0							
715	3	2	20	2	6	0							
716	3	2	20	2	6	0							
717	3	2	20	2	6	0							
718	3	2	20	2	6	0							
719	3	2	20	2	6	0							
720	3	2	20	2	6	0							
721	3	1	21	2	3	1							
722	3	1	21	2	3	1							
723	3	1	21	2	3	1							
724	3	1	21	2	3	1							
725	3	1	21	2	3	1							
726	3	1	21	2	3	1							
727	3	1	21	2	3	1							
728	3	1	21	2	3	1							
729	3	1	21	2	3	1							
730	3	1	21	2	3	1							
731	3	1	21	2	3	1							
732	3	1	21	2	3	1							
733	3	1	21	2	3	1							
734	3	1	21	2	3	1							
735	3	1	21	2	3	1							
736	3	1	21	2	3	1							
737	3	1	21	2	4	1							
738	3	1	21	2	4	1							
739	3	1	21	2	4	1							
740	3	1	21	2	4	1							
741	3	1	21	2	4	1							
742	3	1	21	2	4	1							
743	3	1	21	2	4	1							
744	3	1	21	2	4	1							
745	3	1	21	2	4	1							
746	3	1	21	2	4	1							
747	3	1	21	2	4	1							
748	3	1	21	2	5	1							
749	3	1	21	2	5	1							
750	3	1	21	2	5	1							
751	3	1	21	2	5	1							
752	3	1	21	2	5	1							
753	3	1	21	2	5	1							
754	3	1	21	2	5	1							
755	3	1	21	2	6	0							
756	3	1	21	2	6	0							
757	3	1	21	2	6	0							
758	3	1	21	2	6	0							
759	3	1	21	2	6	0							
760	3	1	21	2	6	0							
761	3	1	21	2	6	0							
762	3	1	21	2	6	0							
763	3	1	21	2	6	0							
764	3	1	21	2	6	0							
765	3	1	21	2	6	0							
766	3	1	21	2	6	0							
767	3	1	21	2	6	0							
768	3	1	21	2	6	0							
769	3	1	22	2	3	1							
770	3	1	22	2	3	1							
771	3	1	22	2	3	1							
772	3	1	22	2	3	1							
773	3	1	22	2	3	1							
774	3	1	22	2	3	1							
775	3	1	22	2	3	1							
776	3	1	22	2	3	1							
777	3	1	22	2	3	1							
778	3	1	22	2	3	1							
779	3	1	22	2	3	1							
780	3	1	22	2	3	1							
781	3	1	22	2	3	1							
782	3	1	22	2	3	1							
783	3	1	22	2	3	1							
784	3	1	22	2	3	1							
785	3	1	22	2	3	1							
786	3	1	22	2	3	1							
787	3	1	22	2	3	1							
788	3	1	22	2	3	1							
789	3	1	22	2	3	1							
790	3	1	22	2	3	1							
791	3	1	22	2	4	1							
792	3	1	22	2	4	1							
793	3	1	22	2	4	1							
794	3	1	22	2	4	1							
795	3	1	22	2	4	1							
796	3	1	22	2	4	1							
797	3	1	22	2	4	1							
798	3	1	22	2	4	1							
799	3	1	22	2	4	1							
800	3	1	22	2	4	1							
801	3	1	22	2	4	1							
802	3	1	22	2	4	1							
803	3	1	22	2	4	1							
804	3	1	22	2	4	1							
805	3	1	22	2	4	1							
806	3	1	22	2	4	1							
807	3	1	22	2	5	1							
808	3	1	22	2	6	0							
809	3	1	22	2	6	0							
810	3	1	22	2	6	0							
811	3	1	22	2	6	0							
812	3	1	22	2	6	0							
813	3	1	22	2	6	0							
814	3	1	22	2	6	0							
815	3	1	22	2	6	0							
816	3	1	22	2	6	0							
817	3	2	23	2	3	1							
818	3	2	23	2	3	1							
819	3	2	23	2	3	1							
820	3	2	23	2	3	1							
821	3	2	23	2	3	1							
822	3	2	23	2	3	1							
823	3	2	23	2	3	1							
824	3	2	23	2	3	1							
825	3	2	23	2	3	1							
826	3	2	23	2	3	1							
827	3	2	23	2	4	1							
828	3	2	23	2	4	1							
829	3	2	23	2	4	1							
830	3	2	23	2	4	1							
831	3	2	23	2	4	1							
832	3	2	23	2	4	1							
833	3	2	23	2	4	1							
834	3	2	23	2	4	1							
835	3	2	23	2	4	1							
836	3	2	23	2	4	1							
837	3	2	23	2	4	1							
838	3	2	23	2	4	1							
839	3	2	23	2	4	1							
840	3	2	23	2	5	1							
841	3	2	23	2	5	1							
842	3	2	23	2	5	1							
843	3	2	23	2	5	1							
844	3	2	23	2	5	1							
845	3	2	23	2	5	1							
846	3	2	23	2	5	1							
847	3	2	23	2	5	1							
848	3	2	23	2	5	1							
849	3	2	23	2	6	0							
850	3	2	23	2	6	0							
851	3	2	23	2	6	0							
852	3	2	23	2	6	0							
853	3	2	23	2	6	0							
854	3	2	23	2	6	0							
855	3	2	23	2	6	0							
856	3	2	23	2	6	0							
857	3	2	23	2	6	0							
858	3	2	23	2	6	0							
859	3	2	23	2	6	0							
860	3	2	23	2	6	0							
861	3	2	23	2	6	0							
862	3	2	23	2	6	0							
863	3	2	23	2	6	0							
864	3	2	23	2	6	0							
